Type<0>
Node<62>
Parent<-1>
X<804>
Y<42>
/
Type<1>
Node<63>
Parent<62>
X<804>
Y<184>
/
Type<2>
Node<64>
Parent<63>
X<646>
Y<328>
/
Type<1>
Node<65>
Parent<64>
X<470>
Y<489>
/
Type<5>
Node<66>
Parent<65>
X<369>
Y<645>
/
Type<15>
Node<67>
Parent<66>
X<369>
Y<787>
/
Type<16>
Node<68>
Parent<65>
X<537>
Y<641>
/
Type<3>
Node<69>
Parent<64>
X<699>
Y<488>
/
Type<2>
Node<70>
Parent<69>
X<699>
Y<636>
/
Type<10>
Node<71>
Parent<70>
X<576>
Y<827>
/
Type<1>
Node<72>
Parent<70>
X<739>
Y<826>
/
Type<7>
Node<73>
Parent<72>
X<601>
Y<1001>
/
Type<9>
Node<74>
Parent<73>
X<487>
Y<1155>
/
Type<8>
Node<75>
Parent<73>
X<621>
Y<1154>
/
Type<13>
Node<76>
Parent<75>
X<621>
Y<1296>
/
Type<12>
Node<77>
Parent<72>
X<814>
Y<1004>
/
Type<1>
Node<78>
Parent<63>
X<1095>
Y<321>
/
Type<7>
Node<79>
Parent<78>
X<975>
Y<477>
/
Type<13>
Node<80>
Parent<79>
X<870>
Y<650>
/
Type<8>
Node<81>
Parent<79>
X<1033>
Y<653>
/
Type<11>
Node<82>
Parent<81>
X<1033>
Y<791>
/
Type<7>
Node<83>
Parent<78>
X<1291>
Y<485>
/
Type<12>
Node<84>
Parent<83>
X<1223>
Y<673>
/
Type<11>
Node<85>
Parent<83>
X<1378>
Y<672>
/
