Type<0>
Node<0>
Parent<-1>
X<492>
Y<50>
/
Type<1>
Node<1>
Parent<0>
X<492>
Y<250>
/
Type<10>
Node<2>
Parent<1>
X<305>
Y<424>
/
Type<1>
Node<4>
Parent<1>
X<493>
Y<452>
/
Type<15>
Node<5>
Parent<1>
X<657>
Y<445>
/
