Type<0>
Node<50>
Parent<-1>
X<485>
Y<50>
/
Type<2>
Node<51>
Parent<50>
X<485>
Y<250>
/
Type<15>
Node<52>
Parent<51>
X<339>
Y<451>
/
Type<10>
Node<53>
Parent<51>
X<627>
Y<453>
/
