Type<0>
Node<7>
Parent<-1>
X<415>
Y<29>
/
Type<1>
Node<8>
Parent<7>
X<299>
Y<195>
/
Type<2>
Node<9>
Parent<8>
X<137>
Y<425>
/
Type<2>
Node<10>
Parent<8>
X<450>
Y<429>
/
