Type<0>
Node<4>
Parent<-1>
X<414>
Y<20>
/
Type<10>
Node<9>
Parent<4>
X<414>
Y<220>
/
