Type<0>
Node<0>
Parent<-1>
X<421>
Y<40>
/
