Type<0>
Node<0>
Parent<-1>
X<591>
Y<108>
/
